function uvec = uvec_elstat_500
%
% 500 electrostatically optimized angles 
% from M.froeling@umcutrecht.nl's optimizer

uvec = [...
    0         0         1.0000
   -0.3187    0.8297    0.4582
    0.5848   -0.7180   -0.3776
   -0.8900    0.3529    0.2888
   -0.7596   -0.0260    0.6499
    0.0797   -0.7811   -0.6192
    0.3938   -0.3034    0.8677
    0.6605   -0.2503    0.7079
    0.8505    0.4205   -0.3160
   -0.7287    0.6835    0.0429
   -0.6719   -0.1519    0.7249
   -0.8727   -0.4703    0.1309
    0.5169    0.7634   -0.3874
   -0.6531   -0.5943    0.4694
   -0.0879   -0.7834   -0.6153
   -0.5340   -0.6896   -0.4892
    0.1810    0.9223    0.3415
    0.9801    0.1737    0.0965
   -0.8397   -0.4521   -0.3009
   -0.9435    0.1962    0.2671
   -0.6999    0.6356    0.3258
   -0.1213    0.9539   -0.2746
   -0.6695   -0.2777   -0.6890
   -0.0192   -0.1699    0.9853
    0.9979    0.0237    0.0604
    0.7831   -0.5121   -0.3528
    0.5561   -0.4153   -0.7199
   -0.3453    0.7475   -0.5675
    0.0853   -0.8506    0.5188
   -0.7520   -0.6577   -0.0435
   -0.4813   -0.8000    0.3583
    0.2858    0.7186   -0.6340
    0.9362   -0.1099    0.3339
   -0.5702   -0.4013   -0.7168
    0.6184    0.7485   -0.2397
    0.8659   -0.1623    0.4732
   -0.3400    0.7275    0.5959
   -0.4085   -0.2003   -0.8905
   -0.2888   -0.1819    0.9399
   -0.3508    0.6010    0.7182
    0.5313   -0.2790    0.7999
   -0.5971    0.4096    0.6897
   -0.8575   -0.4341    0.2760
   -0.4070    0.2448   -0.8800
   -0.5972    0.1782    0.7820
    0.0663   -0.9946    0.0797
    0.6964    0.7128   -0.0829
    0.0765    0.6768    0.7322
    0.9486   -0.3105    0.0606
   -0.6263    0.3448   -0.6992
    0.5828   -0.1236    0.8031
    0.0208   -0.6463    0.7628
   -0.1965    0.2343    0.9521
    0.3435    0.9374    0.0577
    0.2108    0.9011   -0.3788
   -0.1205   -0.2907   -0.9492
    0.2313    0.6376    0.7349
    0.1002    0.9890   -0.1084
   -0.0709    0.7431    0.6654
   -0.5666   -0.5529   -0.6110
   -0.2588    0.5351   -0.8041
   -0.7765   -0.1835    0.6028
    0.5483    0.0242   -0.8359
   -0.5698    0.7507    0.3342
    0.1719    0.9830    0.0644
   -0.1418    0.1413   -0.9798
    0.3231   -0.5821    0.7462
   -0.4307   -0.4046    0.8067
    0.6459   -0.7384   -0.1936
   -0.6952   -0.6899   -0.2016
   -0.4287   -0.2452    0.8695
   -0.6251   -0.7767   -0.0772
    0.2956   -0.0061    0.9553
    0.0814    0.9735    0.2138
    0.6129    0.7073    0.3523
    0.0306   -0.9945   -0.1002
    0.9524   -0.2254    0.2051
   -0.6723    0.2772    0.6864
    0.4148   -0.0381   -0.9091
    0.8780    0.3281    0.3486
   -0.2953   -0.0058    0.9554
    0.2629    0.9614   -0.0815
    0.1749    0.5271   -0.8316
   -0.4750   -0.7971   -0.3729
    0.5675    0.6590    0.4937
    0.2138   -0.2494   -0.9445
    0.0751    0.7867    0.6127
    0.4988    0.8652    0.0523
   -0.9339    0.1488   -0.3251
    0.6889   -0.3529   -0.6332
   -0.1835    0.7568   -0.6273
   -0.5540    0.4929   -0.6709
   -0.1410    0.6527   -0.7444
    0.1422   -0.0825    0.9864
    0.3221   -0.3661   -0.8731
   -0.7668   -0.5654    0.3038
   -0.6192   -0.6971    0.3614
   -0.9175    0.3629   -0.1631
   -0.5001    0.3437    0.7949
   -0.5508    0.2203   -0.8050
    0.5636    0.8008    0.2026
   -0.3083    0.1101   -0.9449
    0.3348   -0.6266   -0.7038
   -0.7988    0.3990   -0.4502
    0.8567   -0.4651   -0.2232
   -0.2666   -0.7399   -0.6177
   -0.2924   -0.3180   -0.9019
   -0.9284   -0.0282   -0.3705
   -0.3849    0.9082    0.1641
   -0.9965   -0.0176    0.0813
    0.8469    0.5219    0.1021
   -0.0490   -0.9034    0.4260
   -0.2454   -0.1696   -0.9545
   -0.7887   -0.6026    0.1219
    0.6264   -0.7737    0.0947
   -0.7403   -0.5835   -0.3338
    0.8526    0.2103   -0.4785
   -0.9710   -0.1320    0.1994
   -0.2131    0.6777    0.7038
    0.6688    0.2499   -0.7002
    0.7901    0.4015   -0.4632
    0.3914   -0.9047    0.1684
    0.8720    0.4325    0.2292
   -0.0569    0.3233    0.9446
    0.1867   -0.9812   -0.0479
    0.9729    0.0267   -0.2298
    0.1642   -0.4034   -0.9002
    0.4404   -0.4403    0.7825
    0.5704    0.3781   -0.7291
   -0.3639    0.4497    0.8157
    0.3040    0.0777   -0.9495
    0.5639    0.5346   -0.6295
    0.9419    0.2458    0.2289
   -0.0230   -0.8680   -0.4960
    0.6365    0.5202    0.5695
   -0.5534   -0.1184    0.8245
   -0.4720    0.8815    0.0163
    0.1571   -0.5642    0.8106
   -0.0507   -0.9685   -0.2436
   -0.1530   -0.0874    0.9844
   -0.5116   -0.0724   -0.8562
    0.2828   -0.1626    0.9453
   -0.4637    0.2055    0.8618
   -0.9626    0.2047   -0.1775
    0.3298    0.2659   -0.9058
   -0.3112   -0.8686   -0.3857
    0.1328   -0.9666   -0.2193
   -0.5740   -0.7897    0.2168
   -0.3057    0.6510   -0.6948
   -0.9946   -0.0768   -0.0694
   -0.8452   -0.3488    0.4050
    0.4994    0.6012    0.6238
    0.3757    0.5631    0.7360
   -0.3403    0.3071    0.8888
    0.5183   -0.7525    0.4062
    0.8238   -0.4414    0.3557
   -0.5982    0.7996    0.0526
   -0.0946    0.5298   -0.8428
    0.2457   -0.3186    0.9155
   -0.9309   -0.3651    0.0104
    0.6366    0.7689    0.0593
    0.4192    0.8857    0.1995
   -0.6700   -0.3143    0.6725
    0.7733    0.1313   -0.6203
    0.7452    0.2457    0.6199
   -0.4365   -0.8757    0.2064
    0.0359    0.6055   -0.7950
    0.9191    0.3532   -0.1749
   -0.1584    0.0818    0.9840
   -0.0648    0.4783    0.8758
   -0.1596   -0.9794   -0.1234
    0.9795   -0.0578    0.1930
   -0.6450    0.7247   -0.2426
   -0.5977    0.6531    0.4650
    0.2064    0.3803   -0.9015
   -0.3280   -0.9382   -0.1107
    0.9255    0.1122   -0.3616
    0.8971    0.4405   -0.0336
   -0.6842    0.4540   -0.5708
    0.6794    0.5388   -0.4981
    0.3334    0.9123   -0.2378
    0.1094   -0.5490   -0.8286
    0.4745   -0.5612    0.6782
   -0.4795    0.5106    0.7137
    0.3706    0.8449   -0.3857
   -0.2382   -0.9365   -0.2573
   -0.4977    0.0509    0.8658
   -0.0370    0.8554    0.5166
    0.1368    0.8645    0.4836
   -0.7634   -0.4577   -0.4558
    0.6685    0.0803   -0.7394
   -0.2950   -0.3483    0.8897
   -0.9659    0.2578   -0.0225
   -0.9149   -0.1840   -0.3593
    0.8840   -0.4613    0.0756
    0.5770   -0.8136   -0.0713
    0.2947    0.8242    0.4836
    0.9205   -0.3069   -0.2420
    0.7640    0.2924   -0.5752
    0.8055    0.5901   -0.0541
    0.4816   -0.5741   -0.6622
    0.4559    0.3256   -0.8283
    0.3816   -0.7800    0.4960
   -0.9107    0.4131   -0.0041
   -0.1125    0.9496    0.2926
   -0.2062    0.3965    0.8946
    0.6105   -0.5289    0.5896
   -0.3773   -0.7763   -0.5050
   -0.5538   -0.2324   -0.7995
   -0.0090   -0.5125    0.8586
    0.4819    0.8044    0.3474
   -0.0842    0.9019   -0.4238
   -0.2254    0.9619    0.1550
    0.5669    0.8183   -0.0953
   -0.5583   -0.7976   -0.2284
    0.6436    0.2069    0.7369
   -0.7581    0.6410   -0.1199
    0.7108   -0.0857    0.6981
   -0.5975    0.5933   -0.5395
   -0.3790    0.8222   -0.4247
    0.7892   -0.6116    0.0559
    0.8968   -0.2119   -0.3883
   -0.1769   -0.9309    0.3196
   -0.6056    0.5405    0.5840
    0.3936    0.2746    0.8773
    0.6238    0.0381    0.7806
   -0.2021   -0.8395   -0.5043
    0.5200   -0.1490   -0.8411
    0.2408   -0.7571   -0.6073
   -0.5549   -0.4414    0.7052
    0.3044   -0.8296   -0.4682
    0.1906   -0.6835    0.7046
    0.8357    0.1184    0.5362
    0.1442    0.0838    0.9860
   -0.8494   -0.3263   -0.4147
   -0.7285    0.1271    0.6732
   -0.9151    0.0780    0.3957
   -0.2864   -0.9392    0.1893
   -0.1430   -0.5860    0.7976
   -0.3087    0.9510    0.0160
    0.2229   -0.9119   -0.3445
    0.6990    0.5806    0.4175
   -0.6378    0.0161    0.7700
   -0.4056   -0.8803   -0.2462
    0.4382    0.7537    0.4898
    0.3537   -0.6900    0.6315
   -0.9792   -0.1966    0.0505
    0.4927   -0.8687    0.0509
   -0.7507    0.5994   -0.2776
   -0.3396    0.3960   -0.8532
    0.8597    0.0423   -0.5090
   -0.7477    0.3051   -0.5898
   -0.2746   -0.6426    0.7153
