function u = uvec_icosa()
% function u = uvec_icosa()
%
% Returns an optimal icosahedral direction set

u = [...
    0.0000000000 0.5257311121 0.8506508084
    0.0000000000 0.5257311121 -0.8506508084
    0.5257311121 0.8506508084 0.0000000000
    0.5257311121 -0.8506508084 0.0000000000
    0.8506508084 0.0000000000 0.5257311121
    -0.8506508084 0.0000000000 0.5257311121
    ];

