function u = uvec_dodeca()
% function u = uvec_dodeca()
%
% Optimal dodeca direction set

u = [...
    0.5773502692 0.5773502692 0.5773502692
    0.0000000000 0.9341723590 0.3568220898
    0.3568220898 0.0000000000 0.9341723590
    -0.3568220898 0.0000000000 0.9341723590
    -0.5773502692 0.5773502692 0.5773502692
    0.0000000000 0.9341723590 -0.3568220898
    0.5773502692 0.5773502692 -0.5773502692
    0.9341723590 0.3568220898 0.0000000000
    0.5773502692 -0.5773502692 0.5773502692
    0.9341723590 -0.3568220898 0.0000000000
    ];

